Epoch	Training MSE Loss	Validation MSE Loss
0	0.00831	0.00538
1	0.00592	0.00591
2	0.00503	0.00826
3	0.00283	0.00303
4	0.00174	0.00172
5	0.00244	0.00218
6	0.00125	0.00113
7	0.00134	0.00148
8	0.00175	0.00427
9	0.00133	0.00297
10	0.00122	0.00123
11	0.00172	0.00141
12	0.0013	0.00133
13	0.00141	0.00143
14	0.00123	0.00102
15	0.00103	0.00171
16	0.00101	0.00139
17	0.00086	0.00087
18	0.00131	0.00159
19	0.00123	0.0009
20	0.0012	0.00119
21	0.00081	0.00091
22	0.00141	0.00109
23	0.00077	0.0028
24	0.00089	0.0011
25	0.00077	0.00093
26	0.0008	0.00107
27	0.00092	0.00228
28	0.0011	0.00201
29	0.00076	0.00051
30	0.00085	0.00054
31	0.00077	0.00081
32	0.00105	0.00099
33	0.0009	0.00052
34	0.00087	0.00107
35	0.00093	0.00061
36	0.00093	0.00055
37	0.00092	0.00064
38	0.00064	0.00114
39	0.00098	0.00091
40	0.00091	0.00071
41	0.00056	0.00133
42	0.00054	0.00134
43	0.0023	0.00177
44	0.00108	0.00119
45	0.00065	0.00063
46	0.00058	0.00189
47	0.00077	0.00061
48	0.00083	0.0005
49	0.00053	0.0004
50	0.00062	0.001
51	0.00101	0.00072
52	0.0006	0.00047
53	0.00086	0.00162
54	0.00056	0.00082
55	0.00067	0.00048
56	0.00068	0.00091
57	0.00056	0.00029
58	0.00062	0.00125
59	0.00059	0.00052
60	0.00088	0.00251
61	0.00048	0.00068
62	0.00061	0.00044
63	0.00087	0.00088
64	0.00056	0.00157
65	0.00038	0.00035
66	0.00085	0.00052
67	0.00061	0.00061
68	0.00059	0.00051
69	0.00053	0.00459
70	0.00046	0.00042
71	0.00067	0.00049
72	0.00038	0.00036
73	0.00052	0.00053
74	0.00063	0.00067
75	0.00049	0.00033
76	0.00055	0.00041
77	0.0006	0.00053
78	0.0006	0.00058
79	0.0005	0.00055
80	0.00051	0.00035
81	0.00057	0.00084
82	0.0005	0.00047
83	0.00047	0.00057
84	0.00063	0.00049
85	0.00037	0.00234
86	0.00059	0.00033
87	0.00066	0.00043
88	0.00036	0.00051
89	0.00073	0.00068
90	0.00051	0.00037
91	0.00042	0.00037
92	0.00052	0.00042
93	0.00042	0.0005
94	0.00033	0.00033
95	0.0004	0.00076
96	0.00059	0.00017
97	0.0005	0.00032
98	0.00039	0.00052
99	0.00052	0.00061
100	0.00041	0.00036
101	0.00054	0.00049
102	0.00048	0.00024
103	0.00071	0.00044
104	0.00039	0.00071
105	0.00038	0.00025
106	0.00045	0.00039
107	0.00041	0.00136
108	0.0003	0.00039
109	0.00028	0.00026
110	0.00033	0.00031
111	0.00053	0.00027
112	0.00026	0.00044
113	0.00096	0.00032
114	0.00041	0.00035
115	0.00053	0.00124
116	0.00029	0.00016
117	0.00031	0.00018
118	0.00033	0.00067
119	0.00031	0.00025
120	0.00045	0.00078
121	0.00036	0.00016
122	0.00038	0.00036
123	0.00032	0.00019
124	0.00024	0.00023
125	0.00029	0.00027
126	0.00034	0.00022
127	0.00024	0.00032
128	0.00026	0.00281
129	0.0003	0.00026
130	0.00017	0.00061
131	0.00035	0.00025
132	0.00031	0.00032
133	0.00075	0.00043
134	0.00032	0.00042
135	0.00037	0.0004
136	0.0004	0.00171
137	0.00037	0.00022
138	0.00025	0.00035
139	0.00032	0.00015
140	0.00037	0.00044
141	0.00027	0.00032
142	0.00033	0.00033
143	0.0003	0.0002
144	0.00041	0.00035
145	0.00019	0.00021
146	0.00033	0.00028
147	0.00026	0.00032
148	0.00031	0.00016
149	0.00029	0.00014
150	0.00027	0.00013
151	0.00026	0.00025
152	0.00038	0.00045
153	0.00023	0.00105
154	0.00033	0.0002
155	0.00048	0.00022
156	0.00081	0.00077
157	0.00043	0.00028
158	0.00032	0.00026
159	0.00028	0.00016
160	0.00023	0.00029
161	0.00023	0.00034
162	0.00028	0.0003
163	0.00041	0.00019
164	0.0003	0.0002
165	0.00027	0.0004
166	0.00026	0.0003
167	0.00035	0.00036
168	0.00036	0.00025
169	0.00029	0.00033
170	0.00033	0.00027
171	0.00051	0.00023
172	0.00029	0.0002
173	0.00032	0.00037
174	0.00035	0.00024
175	0.00024	0.0005
176	0.00027	0.00048
177	0.00043	0.00029
178	0.00026	0.00153
179	0.00039	0.00026
180	0.00031	0.00028
181	0.00056	0.00021
182	0.00025	0.00058
183	0.00023	0.00024
184	0.00037	0.00029
185	0.00019	0.00066
186	0.00022	0.00037
187	0.00028	0.00021
188	0.00031	0.00012
189	0.00024	0.00026
190	0.00039	0.00019
191	0.00026	0.00016
192	0.0004	0.00028
193	0.00026	0.00123
194	0.00027	0.00031
195	0.00035	0.00039
196	0.00025	0.00051
197	0.00049	0.00029
198	0.00023	0.00047
199	0.00024	0.00032
200	0.00035	0.00025
201	0.00024	0.00083
202	0.0005	0.00036
203	0.00029	0.00069
204	0.00032	0.00026
205	0.00024	0.00021
206	0.00022	0.0004
207	0.00028	0.00052
208	0.00023	0.00019
209	0.00049	0.00321
210	0.00021	0.00021
211	0.00021	0.00081
212	0.00041	0.00025
213	0.00029	0.00026
214	0.00023	0.00048
215	0.00024	0.00055
216	0.00029	0.00016
217	0.00023	0.00041
218	0.00028	0.00023
219	0.0003	0.00012
220	0.00031	0.00062
221	0.00028	0.00042
222	0.00018	0.00011
223	0.00031	0.00039
224	0.00049	0.00026
225	0.00025	0.00033
226	0.00025	0.0004
227	0.00027	0.00085
228	0.00031	0.00021
229	0.00036	0.00065
230	0.00028	0.00021
231	0.00039	0.00023
232	0.00028	0.00043
233	0.00026	0.00024
234	0.00058	0.0002
235	0.00021	0.00032
236	0.00038	0.00033
237	0.00041	0.00024
238	0.00031	0.00026
239	0.00047	0.00024
240	0.00028	0.00137
241	0.00021	0.00019
242	0.00022	0.00017
243	0.00046	0.0006
244	0.00026	0.00022
245	0.00038	0.00067
246	0.00028	0.0001
247	0.00034	0.00028
248	0.00027	0.00033
249	0.00026	0.00028
250	0.00068	0.00034
251	0.00035	0.00022
252	0.00018	0.00014
253	0.0002	0.00026
254	0.00022	0.00023
255	0.00021	0.00013
256	0.00026	0.00075
257	0.00026	0.00027
258	0.00019	0.00011
259	0.0003	0.00024
260	0.0002	0.00039
261	0.00054	0.00018
262	0.00029	0.00038
263	0.00019	0.00029
264	0.00024	0.00021
265	0.00029	0.00036
266	0.0003	0.00016
267	0.00023	0.00061
268	0.00079	0.00041
269	0.00036	0.00048
270	0.00032	0.00034
271	0.00022	0.0004
272	0.00031	0.00044
273	0.0003	0.00019
274	0.00022	0.00019
275	0.00026	0.00013
276	0.00037	0.00025
277	0.00028	0.00033
278	0.00034	0.00022
279	0.00029	0.00019
280	0.00023	0.00115
281	0.00034	0.00015
282	0.00024	0.00054
283	0.00027	0.00015
284	0.00017	0.00022
285	0.00022	0.00011
286	0.00035	0.00026
287	0.0002	0.00298
288	0.00023	0.0003
289	0.00023	0.00025
290	0.00019	0.00014
291	0.00019	0.00023
292	0.00021	0.00016
293	0.00021	0.00035
294	0.00016	0.00021
295	0.00035	0.00032
296	0.00021	0.00025
297	0.00026	0.00042
298	0.00037	0.00018
299	0.00022	0.00013
300	0.00037	0.0003
301	0.00015	0.00021
302	0.00023	0.00031
303	0.00029	0.00019
304	0.00023	0.00023
305	0.00039	0.00033
306	0.00027	0.00021
307	0.00025	0.00022
308	0.0002	0.00014
309	0.0002	0.00291
310	0.00023	0.00021
311	0.00021	0.00037
312	0.00023	0.00097
313	0.00022	0.00016
314	0.00038	0.00029
315	0.00023	0.00024
316	0.00026	0.00017
317	0.00041	0.00025
318	0.00027	0.00035
319	0.00041	0.00125
320	0.00027	0.00023
321	0.00018	0.00027
322	0.00028	0.00053
323	0.00016	0.00066
324	0.0003	0.00017
325	0.00021	0.0002
326	0.00021	0.00023
327	0.00018	0.00059
328	0.00089	0.00108
329	0.00025	0.00025
330	0.00019	0.00092
331	0.00017	9e-05
332	0.00015	0.00057
333	0.00016	0.00013
334	0.00019	0.00015
335	0.00054	0.00015
336	0.00019	0.0002
337	0.00026	0.00018
338	0.00019	0.00014
339	0.00022	0.00041
340	0.00035	0.00029
341	0.00019	0.00018
342	0.00026	0.00046
343	0.00027	0.00021
344	0.00014	0.00012
345	0.00015	0.00012
346	0.00021	0.0001
347	0.00032	0.00045
348	0.00037	0.00045
349	0.00024	0.00043
350	0.00019	0.00018
351	0.00017	0.00011
352	0.00045	0.00034
353	0.00024	0.00101
354	0.00033	0.00016
355	0.00028	0.00021
356	0.00017	0.00036
357	0.00021	0.00012
358	0.0005	0.00032
359	0.00042	0.00016
360	0.00019	0.00021
361	0.00022	0.00021
362	0.0002	0.00016
363	0.00038	0.00019
364	0.00021	0.00034
365	0.00029	0.00066
366	0.00023	9e-05
367	0.00021	0.0003
368	0.00019	0.00032
369	0.00016	0.00016
370	0.00026	0.0007
371	0.00011	0.00035
372	0.0002	9e-05
373	0.00021	0.00011
374	0.00025	0.00062
375	0.00024	0.00045
376	0.00015	0.00025
377	0.00017	0.00016
378	0.00017	0.00014
379	0.0003	0.00024
380	0.00025	0.00104
381	0.00037	0.00025
382	0.00021	0.00014
383	0.00026	0.00022
384	0.00017	9e-05
385	0.00027	0.0013
386	0.00027	0.00017
387	0.00023	0.00017
388	0.00015	0.00042
389	0.00041	0.00195
390	0.00024	0.00014
391	0.00027	0.00021
392	0.00021	0.00031
393	0.00018	0.00021
394	0.00019	0.00021
395	0.0002	0.0002
396	0.00018	0.00014
397	0.00025	0.0098
398	0.00018	6e-05
399	0.00031	0.00022
400	0.00047	0.00037
